svm: [0.995266272189349, 0.9942307692307691, 0.9942307692307691, 0.9946745562130177, 0.9960059171597633, 0.9949704142011834, 0.9949704142011834, 0.9945266272189348, 0.9942307692307691, 0.9945266272189348]
rf: [0.9445266272189349, 0.9408284023668638, 0.9408284023668638, 0.9414201183431953, 0.9390532544378697, 0.9359467455621301, 0.9415680473372781, 0.9372781065088758, 0.9402366863905327, 0.9409763313609467]
knn: [0.936094674556213, 0.9019230769230768, 0.9005917159763314, 0.9498520710059172, 0.9671597633136095, 0.9724852071005916, 0.9353550295857989, 0.8849112426035501, 0.9498520710059172, 0.9337278106508876]
lda: [0.9241124260355029, 0.9272189349112425, 0.9038461538461539, 0.9282544378698224, 0.9210059171597633, 0.926923076923077, 0.9300295857988166, 0.9352071005917161, 0.9227810650887573, 0.9171597633136095]
cart: [0.9383136094674555, 0.9495562130177515, 0.9476331360946745, 0.9460059171597633, 0.9437869822485208, 0.954585798816568, 0.9359467455621301, 0.9618343195266272, 0.9502958579881657, 0.9599112426035503]
phca: [0.9914201183431952]
