svm: [0.9963594994311717, 0.9959044368600682, 0.9947667804323095, 0.9963594994311717, 0.99613196814562, 0.9954493742889647, 0.995221843003413, 0.995221843003413, 0.9964732650739476, 0.9956769055745165]
rf: [0.9342434584755404, 0.9321956769055746, 0.930716723549488, 0.926962457337884, 0.9327645051194539, 0.9319681456200228, 0.9291240045506257, 0.9277588168373152, 0.9299203640500568, 0.9319681456200227]
knn: [0.9904436860068259, 0.9660978384527873, 0.9775881683731512, 0.9352673492605232, 0.9187713310580203, 0.9397042093287826, 0.9729237770193402, 0.9941979522184301, 0.9837315130830488, 0.9824800910125141]
lda: [0.9378839590443686, 0.9352673492605232, 0.9134243458475539, 0.9088737201365188, 0.9137656427758817, 0.9048919226393629, 0.899089874857793, 0.9266211604095563, 0.9455062571103527, 0.9283276450511945]
cart: [0.9523321956769056, 0.9386803185437997, 0.9572241183162685, 0.9294653014789533, 0.9622298065984072, 0.9485779294653014, 0.9488054607508533, 0.9509670079635949, 0.9482366325369739, 0.949829351535836]
phca: [0.9915680473372781]
